0 0 1 0  160 2 0 1 
1 0 2 0  240 2 0 2 
2 0 3 0  400 3 0 1 3 
3 0 4 0  480 3 0 2 4 
4 0 5 0  440 4 0 1 3 5 
5 0 6 0  560 4 0 2 4 6 
6 0 7 0  600 5 0 1 3 5 7 
7 0 8 0  720 4 0 2 4 8 
8 0 9 0  760 6 0 1 3 5 7 9 
9 0 10 0  800 7 0 1 3 5 7 9 10 
10 0 11 0  800 5 0 2 4 6 11 
11 0 12 0  1120 6 0 2 4 6 11 12 
12 0 13 0  960 5 0 2 4 8 13 
13 1 2 0  400 3 1 0 2 
14 1 3 0  240 2 1 3 
15 1 4 0  320 3 1 3 4 
16 1 5 0  280 3 1 3 5 
17 1 6 0  400 4 1 3 4 6 
18 1 7 0  440 4 1 3 5 7 
19 1 8 0  560 4 1 3 4 8 
20 1 9 0  600 5 1 3 5 7 9 
21 1 10 0  640 6 1 3 5 7 9 10 
22 1 11 0  640 5 1 3 4 6 11 
23 1 12 0  960 6 1 3 4 6 11 12 
24 1 13 0  800 5 1 3 4 8 13 
25 2 3 0  320 3 2 4 3 
26 2 4 0  240 2 2 4 
27 2 5 0  280 3 2 4 5 
28 2 6 0  320 3 2 4 6 
29 2 7 0  400 4 2 4 6 7 
30 2 8 0  480 3 2 4 8 
31 2 9 0  560 5 2 4 6 7 9 
32 2 10 0  600 5 2 4 6 11 10 
33 2 11 0  560 4 2 4 6 11 
34 2 12 0  880 5 2 4 6 11 12 
35 2 13 0  720 4 2 4 8 13 
36 3 4 0  80 2 3 4 
37 3 5 0  40 2 3 5 
38 3 6 0  160 3 3 4 6 
39 3 7 0  200 3 3 5 7 
40 3 8 0  320 3 3 4 8 
41 3 9 0  360 4 3 5 7 9 
42 3 10 0  400 5 3 5 7 9 10 
43 3 11 0  400 4 3 4 6 11 
44 3 12 0  720 5 3 4 6 11 12 
45 3 13 0  560 4 3 4 8 13 
46 4 5 0  40 2 4 5 
47 4 6 0  80 2 4 6 
48 4 7 0  160 3 4 6 7 
49 4 8 0  240 2 4 8 
50 4 9 0  320 4 4 6 7 9 
51 4 10 0  360 4 4 6 11 10 
52 4 11 0  320 3 4 6 11 
53 4 12 0  640 4 4 6 11 12 
54 4 13 0  480 3 4 8 13 
55 5 6 0  120 3 5 4 6 
56 5 7 0  160 2 5 7 
57 5 8 0  280 3 5 4 8 
58 5 9 0  320 3 5 7 9 
59 5 10 0  360 4 5 7 9 10 
60 5 11 0  360 4 5 4 6 11 
61 5 12 0  680 5 5 4 6 11 12 
62 5 13 0  520 4 5 4 8 13 
63 6 7 0  80 2 6 7 
64 6 8 0  320 3 6 4 8 
65 6 9 0  240 3 6 7 9 
66 6 10 0  280 3 6 11 10 
67 6 11 0  240 2 6 11 
68 6 12 0  560 3 6 11 12 
69 6 13 0  480 3 6 11 13 
70 7 8 0  400 4 7 6 4 8 
71 7 9 0  160 2 7 9 
72 7 10 0  200 3 7 9 10 
73 7 11 0  200 3 7 9 11 
74 7 12 0  520 4 7 9 11 12 
75 7 13 0  440 4 7 9 11 13 
76 8 9 0  280 3 8 11 9 
77 8 10 0  280 3 8 11 10 
78 8 11 0  240 2 8 11 
79 8 12 0  400 3 8 13 12 
80 8 13 0  240 2 8 13 
81 9 10 0  40 2 9 10 
82 9 11 0  40 2 9 11 
83 9 12 0  360 3 9 11 12 
84 9 13 0  280 3 9 11 13 
85 10 11 0  40 2 10 11 
86 10 12 0  320 2 10 12 
87 10 13 0  280 3 10 11 13 
88 11 12 0  320 2 11 12 
89 11 13 0  240 2 11 13 
90 12 13 0  160 2 12 13 
