0 0 1 0  160 2 0 1 
1 0 1 1  800 5 0 2 4 3 1 
2 0 2 0  240 2 0 2 
3 0 2 1  720 5 0 1 3 4 2 
4 0 3 0  400 3 0 1 3 
5 0 3 1  560 4 0 2 4 3 
6 0 4 0  480 3 0 2 4 
7 0 4 1  480 4 0 1 3 4 
8 0 5 0  440 4 0 1 3 5 
9 0 5 1  520 5 0 1 3 4 5 
10 0 6 0  560 4 0 2 4 6 
11 0 6 1  560 5 0 1 3 4 6 
12 0 7 0  600 5 0 1 3 5 7 
13 0 7 1  640 7 0 1 3 5 4 6 7 
14 0 8 0  720 4 0 2 4 8 
15 0 8 1  720 5 0 1 3 4 8 
16 0 9 0  760 6 0 1 3 5 7 9 
17 0 9 1  800 8 0 1 3 5 4 6 7 9 
18 0 10 0  800 7 0 1 3 5 7 9 10 
19 0 10 1  840 8 0 1 3 5 7 9 11 10 
20 0 11 0  800 5 0 2 4 6 11 
21 0 11 1  800 7 0 1 3 5 7 9 11 
22 0 12 0  1120 6 0 2 4 6 11 12 
23 0 12 1  1120 6 0 2 4 8 13 12 
24 0 13 0  960 5 0 2 4 8 13 
25 0 13 1  960 6 0 1 3 4 8 13 
26 1 2 0  400 3 1 0 2 
27 1 2 1  560 4 1 3 4 2 
28 1 3 0  240 2 1 3 
29 1 3 1  720 5 1 0 2 4 3 
30 1 4 0  320 3 1 3 4 
31 1 4 1  320 4 1 3 5 4 
32 1 5 0  280 3 1 3 5 
33 1 5 1  360 4 1 3 4 5 
34 1 6 0  400 4 1 3 4 6 
35 1 6 1  400 5 1 3 5 4 6 
36 1 7 0  440 4 1 3 5 7 
37 1 7 1  480 6 1 3 5 4 6 7 
38 1 8 0  560 4 1 3 4 8 
39 1 8 1  560 5 1 3 5 4 8 
40 1 9 0  600 5 1 3 5 7 9 
41 1 9 1  640 7 1 3 5 4 6 7 9 
42 1 10 0  640 6 1 3 5 7 9 10 
43 1 10 1  680 7 1 3 5 7 9 11 10 
44 1 11 0  640 5 1 3 4 6 11 
45 1 11 1  640 6 1 3 5 7 9 11 
46 1 12 0  960 6 1 3 4 6 11 12 
47 1 12 1  960 6 1 3 4 8 13 12 
48 1 13 0  800 5 1 3 4 8 13 
49 1 13 1  800 6 1 3 5 4 8 13 
50 2 3 0  320 3 2 4 3 
51 2 3 1  320 4 2 4 5 3 
52 2 4 0  240 2 2 4 
53 2 4 1  720 5 2 0 1 3 4 
54 2 5 0  280 3 2 4 5 
55 2 5 1  360 4 2 4 3 5 
56 2 6 0  320 3 2 4 6 
57 2 6 1  520 5 2 4 5 7 6 
58 2 7 0  400 4 2 4 6 7 
59 2 7 1  440 4 2 4 5 7 
60 2 8 0  480 3 2 4 8 
61 2 8 1  800 5 2 4 6 11 8 
62 2 9 0  560 5 2 4 6 7 9 
63 2 9 1  600 5 2 4 6 11 9 
64 2 10 0  600 5 2 4 6 11 10 
65 2 10 1  600 6 2 4 6 7 9 10 
66 2 11 0  560 4 2 4 6 11 
67 2 11 1  600 6 2 4 6 7 9 11 
68 2 12 0  880 5 2 4 6 11 12 
69 2 12 1  880 5 2 4 8 13 12 
70 2 13 0  720 4 2 4 8 13 
71 2 13 1  800 5 2 4 6 11 13 
72 3 4 0  80 2 3 4 
73 3 4 1  80 3 3 5 4 
74 3 5 0  40 2 3 5 
75 3 5 1  120 3 3 4 5 
76 3 6 0  160 3 3 4 6 
77 3 6 1  160 4 3 5 4 6 
78 3 7 0  200 3 3 5 7 
79 3 7 1  240 5 3 5 4 6 7 
80 3 8 0  320 3 3 4 8 
81 3 8 1  320 4 3 5 4 8 
82 3 9 0  360 4 3 5 7 9 
83 3 9 1  400 6 3 5 4 6 7 9 
84 3 10 0  400 5 3 5 7 9 10 
85 3 10 1  440 6 3 5 7 9 11 10 
86 3 11 0  400 4 3 4 6 11 
87 3 11 1  400 5 3 5 7 9 11 
88 3 12 0  720 5 3 4 6 11 12 
89 3 12 1  720 5 3 4 8 13 12 
90 3 13 0  560 4 3 4 8 13 
91 3 13 1  560 5 3 5 4 8 13 
92 4 5 0  40 2 4 5 
93 4 5 1  120 3 4 3 5 
94 4 6 0  80 2 4 6 
95 4 6 1  280 4 4 5 7 6 
96 4 7 0  160 3 4 6 7 
97 4 7 1  200 3 4 5 7 
98 4 8 0  240 2 4 8 
99 4 8 1  560 4 4 6 11 8 
100 4 9 0  320 4 4 6 7 9 
101 4 9 1  360 4 4 6 11 9 
102 4 10 0  360 4 4 6 11 10 
103 4 10 1  360 5 4 6 7 9 10 
104 4 11 0  320 3 4 6 11 
105 4 11 1  360 5 4 6 7 9 11 
106 4 12 0  640 4 4 6 11 12 
107 4 12 1  640 4 4 8 13 12 
108 4 13 0  480 3 4 8 13 
109 4 13 1  560 4 4 6 11 13 
110 5 6 0  120 3 5 4 6 
111 5 6 1  200 4 5 3 4 6 
112 5 7 0  160 2 5 7 
113 5 7 1  200 4 5 4 6 7 
114 5 8 0  280 3 5 4 8 
115 5 8 1  360 4 5 3 4 8 
116 5 9 0  320 3 5 7 9 
117 5 9 1  360 5 5 4 6 7 9 
118 5 10 0  360 4 5 7 9 10 
119 5 10 1  400 5 5 7 9 11 10 
120 5 11 0  360 4 5 4 6 11 
121 5 11 1  360 4 5 7 9 11 
122 5 12 0  680 5 5 4 6 11 12 
123 5 12 1  680 5 5 4 8 13 12 
124 5 13 0  520 4 5 4 8 13 
125 5 13 1  600 5 5 4 6 11 13 
126 6 7 0  80 2 6 7 
127 6 7 1  280 4 6 4 5 7 
128 6 8 0  320 3 6 4 8 
129 6 8 1  480 3 6 11 8 
130 6 9 0  240 3 6 7 9 
131 6 9 1  280 3 6 11 9 
132 6 10 0  280 3 6 11 10 
133 6 10 1  280 4 6 7 9 10 
134 6 11 0  240 2 6 11 
135 6 11 1  280 4 6 7 9 11 
136 6 12 0  560 3 6 11 12 
137 6 12 1  600 4 6 11 10 12 
138 6 13 0  480 3 6 11 13 
139 6 13 1  520 5 6 7 9 11 13 
140 7 8 0  400 4 7 6 4 8 
141 7 8 1  440 4 7 5 4 8 
142 7 9 0  160 2 7 9 
143 7 9 1  360 4 7 6 11 9 
144 7 10 0  200 3 7 9 10 
145 7 10 1  240 4 7 9 11 10 
146 7 11 0  200 3 7 9 11 
147 7 11 1  240 4 7 9 10 11 
148 7 12 0  520 4 7 9 11 12 
149 7 12 1  520 4 7 9 10 12 
150 7 13 0  440 4 7 9 11 13 
151 7 13 1  480 5 7 9 10 11 13 
152 8 9 0  280 3 8 11 9 
153 8 9 1  320 4 8 11 10 9 
154 8 10 0  280 3 8 11 10 
155 8 10 1  320 4 8 11 9 10 
156 8 11 0  240 2 8 11 
157 8 11 1  480 3 8 13 11 
158 8 12 0  400 3 8 13 12 
159 8 12 1  560 3 8 11 12 
160 8 13 0  240 2 8 13 
161 8 13 1  480 3 8 11 13 
162 9 10 0  40 2 9 10 
163 9 10 1  80 3 9 11 10 
164 9 11 0  40 2 9 11 
165 9 11 1  80 3 9 10 11 
166 9 12 0  360 3 9 11 12 
167 9 12 1  360 3 9 10 12 
168 9 13 0  280 3 9 11 13 
169 9 13 1  320 4 9 10 11 13 
170 10 11 0  40 2 10 11 
171 10 11 1  80 3 10 9 11 
172 10 12 0  320 2 10 12 
173 10 12 1  360 3 10 11 12 
174 10 13 0  280 3 10 11 13 
175 10 13 1  320 4 10 9 11 13 
176 11 12 0  320 2 11 12 
177 11 12 1  360 3 11 10 12 
178 11 13 0  240 2 11 13 
179 11 13 1  480 3 11 8 13 
180 12 13 0  160 2 12 13 
181 12 13 1  560 3 12 11 13 
