0 0 1 0  160 2 0 1 
1 0 1 1  800 5 0 2 4 3 1 
2 0 1 2  800 6 0 2 4 5 3 1 
3 0 2 0  240 2 0 2 
4 0 2 1  720 5 0 1 3 4 2 
5 0 2 2  720 6 0 1 3 5 4 2 
6 0 3 0  400 3 0 1 3 
7 0 3 1  560 4 0 2 4 3 
8 0 3 2  560 5 0 2 4 5 3 
9 0 4 0  480 3 0 2 4 
10 0 4 1  480 4 0 1 3 4 
11 0 4 2  480 5 0 1 3 5 4 
12 0 5 0  440 4 0 1 3 5 
13 0 5 1  520 5 0 1 3 4 5 
14 0 5 2  520 4 0 2 4 5 
15 0 6 0  560 4 0 2 4 6 
16 0 6 1  560 5 0 1 3 4 6 
17 0 6 2  560 6 0 1 3 5 4 6 
18 0 7 0  600 5 0 1 3 5 7 
19 0 7 1  640 7 0 1 3 5 4 6 7 
20 0 7 2  640 6 0 1 3 4 6 7 
21 0 8 0  720 4 0 2 4 8 
22 0 8 1  720 5 0 1 3 4 8 
23 0 8 2  720 6 0 1 3 5 4 8 
24 0 9 0  760 6 0 1 3 5 7 9 
25 0 9 1  800 8 0 1 3 5 4 6 7 9 
26 0 9 2  800 7 0 1 3 4 6 7 9 
27 0 10 0  800 7 0 1 3 5 7 9 10 
28 0 10 1  840 8 0 1 3 5 7 9 11 10 
29 0 10 2  840 8 0 1 3 5 4 6 11 10 
30 0 11 0  800 5 0 2 4 6 11 
31 0 11 1  800 7 0 1 3 5 7 9 11 
32 0 11 2  800 7 0 1 3 5 4 6 11 
33 0 12 0  1120 6 0 2 4 6 11 12 
34 0 12 1  1120 6 0 2 4 8 13 12 
35 0 12 2  1120 8 0 1 3 5 7 9 10 12 
36 0 13 0  960 5 0 2 4 8 13 
37 0 13 1  960 6 0 1 3 4 8 13 
38 0 13 2  960 7 0 1 3 5 4 8 13 
39 1 2 0  400 3 1 0 2 
40 1 2 1  560 4 1 3 4 2 
41 1 2 2  560 5 1 3 5 4 2 
42 1 3 0  240 2 1 3 
43 1 3 1  720 5 1 0 2 4 3 
44 1 3 2  720 6 1 0 2 4 5 3 
45 1 4 0  320 3 1 3 4 
46 1 4 1  320 4 1 3 5 4 
47 1 4 2  600 6 1 3 5 7 6 4 
48 1 5 0  280 3 1 3 5 
49 1 5 1  360 4 1 3 4 5 
50 1 5 2  640 6 1 3 4 6 7 5 
51 1 6 0  400 4 1 3 4 6 
52 1 6 1  400 5 1 3 5 4 6 
53 1 6 2  520 5 1 3 5 7 6 
54 1 7 0  440 4 1 3 5 7 
55 1 7 1  480 6 1 3 5 4 6 7 
56 1 7 2  480 5 1 3 4 6 7 
57 1 8 0  560 4 1 3 4 8 
58 1 8 1  560 5 1 3 5 4 8 
59 1 8 2  840 7 1 3 5 7 6 4 8 
60 1 9 0  600 5 1 3 5 7 9 
61 1 9 1  640 7 1 3 5 4 6 7 9 
62 1 9 2  640 6 1 3 4 6 7 9 
63 1 10 0  640 6 1 3 5 7 9 10 
64 1 10 1  680 7 1 3 5 7 9 11 10 
65 1 10 2  680 7 1 3 5 4 6 11 10 
66 1 11 0  640 5 1 3 4 6 11 
67 1 11 1  640 6 1 3 5 7 9 11 
68 1 11 2  640 6 1 3 5 4 6 11 
69 1 12 0  960 6 1 3 4 6 11 12 
70 1 12 1  960 6 1 3 4 8 13 12 
71 1 12 2  960 7 1 3 5 7 9 10 12 
72 1 13 0  800 5 1 3 4 8 13 
73 1 13 1  800 6 1 3 5 4 8 13 
74 1 13 2  880 6 1 3 4 6 11 13 
75 2 3 0  320 3 2 4 3 
76 2 3 1  320 4 2 4 5 3 
77 2 3 2  600 6 2 4 6 7 5 3 
78 2 4 0  240 2 2 4 
79 2 4 1  720 5 2 0 1 3 4 
80 2 4 2  720 6 2 0 1 3 5 4 
81 2 5 0  280 3 2 4 5 
82 2 5 1  360 4 2 4 3 5 
83 2 5 2  560 5 2 4 6 7 5 
84 2 6 0  320 3 2 4 6 
85 2 6 1  520 5 2 4 5 7 6 
86 2 6 2  600 6 2 4 3 5 7 6 
87 2 7 0  400 4 2 4 6 7 
88 2 7 1  440 4 2 4 5 7 
89 2 7 2  520 5 2 4 3 5 7 
90 2 8 0  480 3 2 4 8 
91 2 8 1  800 5 2 4 6 11 8 
92 2 8 2  840 7 2 4 6 7 9 11 8 
93 2 9 0  560 5 2 4 6 7 9 
94 2 9 1  600 5 2 4 6 11 9 
95 2 9 2  600 5 2 4 5 7 9 
96 2 10 0  600 5 2 4 6 11 10 
97 2 10 1  600 6 2 4 6 7 9 10 
98 2 10 2  640 6 2 4 6 11 9 10 
99 2 11 0  560 4 2 4 6 11 
100 2 11 1  600 6 2 4 6 7 9 11 
101 2 11 2  640 6 2 4 5 7 9 11 
102 2 12 0  880 5 2 4 6 11 12 
103 2 12 1  880 5 2 4 8 13 12 
104 2 12 2  920 6 2 4 6 11 10 12 
105 2 13 0  720 4 2 4 8 13 
106 2 13 1  800 5 2 4 6 11 13 
107 2 13 2  840 7 2 4 6 7 9 11 13 
108 3 4 0  80 2 3 4 
109 3 4 1  80 3 3 5 4 
110 3 4 2  360 5 3 5 7 6 4 
111 3 5 0  40 2 3 5 
112 3 5 1  120 3 3 4 5 
113 3 5 2  400 5 3 4 6 7 5 
114 3 6 0  160 3 3 4 6 
115 3 6 1  160 4 3 5 4 6 
116 3 6 2  280 4 3 5 7 6 
117 3 7 0  200 3 3 5 7 
118 3 7 1  240 5 3 5 4 6 7 
119 3 7 2  240 4 3 4 6 7 
120 3 8 0  320 3 3 4 8 
121 3 8 1  320 4 3 5 4 8 
122 3 8 2  600 6 3 5 7 6 4 8 
123 3 9 0  360 4 3 5 7 9 
124 3 9 1  400 6 3 5 4 6 7 9 
125 3 9 2  400 5 3 4 6 7 9 
126 3 10 0  400 5 3 5 7 9 10 
127 3 10 1  440 6 3 5 7 9 11 10 
128 3 10 2  440 6 3 5 4 6 11 10 
129 3 11 0  400 4 3 4 6 11 
130 3 11 1  400 5 3 5 7 9 11 
131 3 11 2  400 5 3 5 4 6 11 
132 3 12 0  720 5 3 4 6 11 12 
133 3 12 1  720 5 3 4 8 13 12 
134 3 12 2  720 6 3 5 7 9 10 12 
135 3 13 0  560 4 3 4 8 13 
136 3 13 1  560 5 3 5 4 8 13 
137 3 13 2  640 5 3 4 6 11 13 
138 4 5 0  40 2 4 5 
139 4 5 1  120 3 4 3 5 
140 4 5 2  320 4 4 6 7 5 
141 4 6 0  80 2 4 6 
142 4 6 1  280 4 4 5 7 6 
143 4 6 2  360 5 4 3 5 7 6 
144 4 7 0  160 3 4 6 7 
145 4 7 1  200 3 4 5 7 
146 4 7 2  280 4 4 3 5 7 
147 4 8 0  240 2 4 8 
148 4 8 1  560 4 4 6 11 8 
149 4 8 2  600 6 4 6 7 9 11 8 
150 4 9 0  320 4 4 6 7 9 
151 4 9 1  360 4 4 6 11 9 
152 4 9 2  360 4 4 5 7 9 
153 4 10 0  360 4 4 6 11 10 
154 4 10 1  360 5 4 6 7 9 10 
155 4 10 2  400 5 4 6 11 9 10 
156 4 11 0  320 3 4 6 11 
157 4 11 1  360 5 4 6 7 9 11 
158 4 11 2  400 5 4 5 7 9 11 
159 4 12 0  640 4 4 6 11 12 
160 4 12 1  640 4 4 8 13 12 
161 4 12 2  680 5 4 6 11 10 12 
162 4 13 0  480 3 4 8 13 
163 4 13 1  560 4 4 6 11 13 
164 4 13 2  600 6 4 6 7 9 11 13 
165 5 6 0  120 3 5 4 6 
166 5 6 1  200 4 5 3 4 6 
167 5 6 2  240 3 5 7 6 
168 5 7 0  160 2 5 7 
169 5 7 1  200 4 5 4 6 7 
170 5 7 2  280 5 5 3 4 6 7 
171 5 8 0  280 3 5 4 8 
172 5 8 1  360 4 5 3 4 8 
173 5 8 2  560 5 5 7 6 4 8 
174 5 9 0  320 3 5 7 9 
175 5 9 1  360 5 5 4 6 7 9 
176 5 9 2  400 5 5 4 6 11 9 
177 5 10 0  360 4 5 7 9 10 
178 5 10 1  400 5 5 7 9 11 10 
179 5 10 2  400 5 5 4 6 11 10 
180 5 11 0  360 4 5 4 6 11 
181 5 11 1  360 4 5 7 9 11 
182 5 11 2  400 6 5 4 6 7 9 11 
183 5 12 0  680 5 5 4 6 11 12 
184 5 12 1  680 5 5 4 8 13 12 
185 5 12 2  680 5 5 7 9 10 12 
186 5 13 0  520 4 5 4 8 13 
187 5 13 1  600 5 5 4 6 11 13 
188 5 13 2  600 5 5 3 4 8 13 
189 6 7 0  80 2 6 7 
190 6 7 1  280 4 6 4 5 7 
191 6 7 2  360 5 6 4 3 5 7 
192 6 8 0  320 3 6 4 8 
193 6 8 1  480 3 6 11 8 
194 6 8 2  520 5 6 7 5 4 8 
195 6 9 0  240 3 6 7 9 
196 6 9 1  280 3 6 11 9 
197 6 9 2  320 4 6 11 10 9 
198 6 10 0  280 3 6 11 10 
199 6 10 1  280 4 6 7 9 10 
200 6 10 2  320 4 6 11 9 10 
201 6 11 0  240 2 6 11 
202 6 11 1  280 4 6 7 9 11 
203 6 11 2  320 5 6 7 9 10 11 
204 6 12 0  560 3 6 11 12 
205 6 12 1  600 4 6 11 10 12 
206 6 12 2  600 5 6 7 9 10 12 
207 6 13 0  480 3 6 11 13 
208 6 13 1  520 5 6 7 9 11 13 
209 6 13 2  560 6 6 7 9 10 11 13 
210 7 8 0  400 4 7 6 4 8 
211 7 8 1  440 4 7 5 4 8 
212 7 8 2  440 4 7 9 11 8 
213 7 9 0  160 2 7 9 
214 7 9 1  360 4 7 6 11 9 
215 7 9 2  400 5 7 6 11 10 9 
216 7 10 0  200 3 7 9 10 
217 7 10 1  240 4 7 9 11 10 
218 7 10 2  360 4 7 6 11 10 
219 7 11 0  200 3 7 9 11 
220 7 11 1  240 4 7 9 10 11 
221 7 11 2  320 3 7 6 11 
222 7 12 0  520 4 7 9 11 12 
223 7 12 1  520 4 7 9 10 12 
224 7 12 2  560 5 7 9 11 10 12 
225 7 13 0  440 4 7 9 11 13 
226 7 13 1  480 5 7 9 10 11 13 
227 7 13 2  560 4 7 6 11 13 
228 8 9 0  280 3 8 11 9 
229 8 9 1  320 4 8 11 10 9 
230 8 9 2  520 4 8 13 11 9 
231 8 10 0  280 3 8 11 10 
232 8 10 1  320 4 8 11 9 10 
233 8 10 2  520 4 8 13 11 10 
234 8 11 0  240 2 8 11 
235 8 11 1  480 3 8 13 11 
236 8 11 2  560 4 8 4 6 11 
237 8 12 0  400 3 8 13 12 
238 8 12 1  560 3 8 11 12 
239 8 12 2  600 4 8 11 10 12 
240 8 13 0  240 2 8 13 
241 8 13 1  480 3 8 11 13 
242 8 13 2  720 4 8 11 12 13 
243 9 10 0  40 2 9 10 
244 9 10 1  80 3 9 11 10 
245 9 10 2  520 5 9 7 6 11 10 
246 9 11 0  40 2 9 11 
247 9 11 1  80 3 9 10 11 
248 9 11 2  480 4 9 7 6 11 
249 9 12 0  360 3 9 11 12 
250 9 12 1  360 3 9 10 12 
251 9 12 2  400 4 9 11 10 12 
252 9 13 0  280 3 9 11 13 
253 9 13 1  320 4 9 10 11 13 
254 9 13 2  520 4 9 11 8 13 
255 10 11 0  40 2 10 11 
256 10 11 1  80 3 10 9 11 
257 10 11 2  520 5 10 9 7 6 11 
258 10 12 0  320 2 10 12 
259 10 12 1  360 3 10 11 12 
260 10 12 2  400 4 10 9 11 12 
261 10 13 0  280 3 10 11 13 
262 10 13 1  320 4 10 9 11 13 
263 10 13 2  480 3 10 12 13 
264 11 12 0  320 2 11 12 
265 11 12 1  360 3 11 10 12 
266 11 12 2  400 4 11 9 10 12 
267 11 13 0  240 2 11 13 
268 11 13 1  480 3 11 8 13 
269 11 13 2  480 3 11 12 13 
270 12 13 0  160 2 12 13 
271 12 13 1  560 3 12 11 13 
272 12 13 2  600 4 12 10 11 13 
