0 1 100
0 2 50
0 3 350
0 4 350
0 5 50
0 6 150
0 7 200
0 8 200
0 9 100
0 10 50
0 11 50
0 12 100
0 13 100
1 0 50
1 2 50
1 3 100
1 4 400
1 5 200
1 6 300
1 7 150
1 8 250
1 9 100
1 10 250
1 11 50
1 12 50
1 13 150
2 0 150
2 1 250
2 3 50
2 4 200
2 5 200
2 6 50
2 7 50
2 8 250
2 9 100
2 10 50
2 11 200
2 12 100
2 13 150
3 0 150
3 1 300
3 2 200
3 4 400
3 5 200
3 6 250
3 7 400
3 8 200
3 9 350
3 10 300
3 11 300
3 12 150
3 13 150
4 0 300
4 1 150
4 2 100
4 3 150
4 5 250
4 6 300
4 7 200
4 8 200
4 9 200
4 10 400
4 11 350
4 12 250
4 13 100
5 0 300
5 1 150
5 2 200
5 3 200
5 4 150
5 6 300
5 7 200
5 8 250
5 9 350
5 10 300
5 11 300
5 12 250
5 13 250
6 0 100
6 1 250
6 2 100
6 3 50
6 4 400
6 5 250
6 7 350
6 8 250
6 9 250
6 10 200
6 11 250
6 12 300
6 13 200
7 0 200
7 1 350
7 2 150
7 3 300
7 4 50
7 5 150
7 6 400
7 8 100
7 9 100
7 10 400
7 11 200
7 12 100
7 13 350
8 0 100
8 1 300
8 2 150
8 3 250
8 4 50
8 5 400
8 6 400
8 7 250
8 9 100
8 10 300
8 11 300
8 12 150
8 13 150
9 0 100
9 1 250
9 2 150
9 3 300
9 4 50
9 5 100
9 6 300
9 7 350
9 8 300
9 10 100
9 11 350
9 12 150
9 13 350
10 0 200
10 1 50
10 2 300
10 3 50
10 4 400
10 5 400
10 6 250
10 7 250
10 8 100
10 9 300
10 11 200
10 12 300
10 13 150
11 0 150
11 1 200
11 2 150
11 3 150
11 4 400
11 5 50
11 6 400
11 7 350
11 8 300
11 9 200
11 10 50
11 12 350
11 13 150
12 0 100
12 1 150
12 2 50
12 3 200
12 4 200
12 5 200
12 6 100
12 7 200
12 8 400
12 9 250
12 10 100
12 11 250
12 13 350
13 0 100
13 1 150
13 2 100
13 3 100
13 4 250
13 5 100
13 6 100
13 7 50
13 8 350
13 9 100
13 10 250
13 11 300
13 12 100
