0 1 100
0 2 100
0 3 250
0 4 100
0 5 200
0 6 250
0 7 250
0 8 100
0 9 100
0 10 100
0 11 150
0 12 100
0 13 100
1 0 100
1 2 300
1 3 100
1 4 250
1 5 350
1 6 150
1 7 200
1 8 200
1 9 150
1 10 100
1 11 150
1 12 100
1 13 200
2 0 350
2 1 350
2 3 150
2 4 200
2 5 100
2 6 150
2 7 150
2 8 100
2 9 100
2 10 150
2 11 100
2 12 150
2 13 200
3 0 300
3 1 150
3 2 300
3 4 200
3 5 150
3 6 200
3 7 150
3 8 300
3 9 350
3 10 250
3 11 150
3 12 150
3 13 250
4 0 150
4 1 250
4 2 200
4 3 400
4 5 200
4 6 200
4 7 200
4 8 350
4 9 150
4 10 100
4 11 150
4 12 200
4 13 200
5 0 150
5 1 150
5 2 150
5 3 400
5 4 250
5 6 350
5 7 250
5 8 300
5 9 150
5 10 350
5 11 300
5 12 150
5 13 150
6 0 150
6 1 150
6 2 200
6 3 150
6 4 400
6 5 200
6 7 350
6 8 250
6 9 400
6 10 350
6 11 200
6 12 200
6 13 300
7 0 150
7 1 300
7 2 350
7 3 200
7 4 100
7 5 350
7 6 100
7 8 300
7 9 250
7 10 200
7 11 350
7 12 250
7 13 200
8 0 200
8 1 200
8 2 150
8 3 300
8 4 200
8 5 350
8 6 250
8 7 250
8 9 400
8 10 350
8 11 150
8 12 200
8 13 100
9 0 100
9 1 250
9 2 100
9 3 100
9 4 250
9 5 300
9 6 300
9 7 300
9 8 150
9 10 150
9 11 400
9 12 150
9 13 350
10 0 150
10 1 200
10 2 100
10 3 250
10 4 250
10 5 350
10 6 200
10 7 400
10 8 400
10 9 300
10 11 350
10 12 100
10 13 200
11 0 150
11 1 150
11 2 150
11 3 150
11 4 300
11 5 200
11 6 200
11 7 100
11 8 100
11 9 200
11 10 250
11 12 200
11 13 400
12 0 100
12 1 100
12 2 200
12 3 100
12 4 250
12 5 250
12 6 100
12 7 100
12 8 250
12 9 350
12 10 250
12 11 350
12 13 200
13 0 150
13 1 100
13 2 100
13 3 150
13 4 200
13 5 150
13 6 200
13 7 250
13 8 200
13 9 150
13 10 400
13 11 250
13 12 100
