0 1 50
0 2 50
0 3 100
0 4 50
0 5 100
0 6 100
0 7 100
0 8 50
0 9 50
0 10 50
0 11 100
0 12 100
0 13 50
1 0 50
1 2 50
1 3 100
1 4 50
1 5 100
1 6 100
1 7 50
1 8 50
1 9 50
1 10 100
1 11 50
1 12 100
1 13 50
2 0 50
2 1 50
2 3 50
2 4 50
2 5 50
2 6 50
2 7 100
2 8 50
2 9 100
2 10 50
2 11 100
2 12 50
2 13 100
3 0 50
3 1 100
3 2 100
3 4 50
3 5 100
3 6 100
3 7 100
3 8 100
3 9 100
3 10 50
3 11 50
3 12 50
3 13 100
4 0 100
4 1 50
4 2 50
4 3 50
4 5 100
4 6 100
4 7 50
4 8 50
4 9 50
4 10 50
4 11 50
4 12 100
4 13 50
5 0 100
5 1 100
5 2 100
5 3 100
5 4 50
5 6 100
5 7 50
5 8 50
5 9 100
5 10 100
5 11 100
5 12 100
5 13 100
6 0 50
6 1 100
6 2 100
6 3 100
6 4 50
6 5 100
6 7 50
6 8 50
6 9 100
6 10 50
6 11 50
6 12 100
6 13 50
7 0 50
7 1 50
7 2 100
7 3 100
7 4 50
7 5 100
7 6 100
7 8 100
7 9 50
7 10 100
7 11 100
7 12 50
7 13 50
8 0 50
8 1 100
8 2 100
8 3 50
8 4 50
8 5 100
8 6 100
8 7 100
8 9 50
8 10 100
8 11 50
8 12 100
8 13 100
9 0 50
9 1 50
9 2 100
9 3 100
9 4 100
9 5 100
9 6 50
9 7 100
9 8 50
9 10 100
9 11 50
9 12 100
9 13 100
10 0 100
10 1 50
10 2 100
10 3 50
10 4 100
10 5 100
10 6 100
10 7 50
10 8 50
10 9 100
10 11 50
10 12 100
10 13 50
11 0 100
11 1 100
11 2 100
11 3 50
11 4 100
11 5 100
11 6 100
11 7 50
11 8 100
11 9 100
11 10 100
11 12 100
11 13 50
12 0 50
12 1 50
12 2 50
12 3 50
12 4 100
12 5 50
12 6 100
12 7 100
12 8 50
12 9 100
12 10 100
12 11 100
12 13 100
13 0 50
13 1 100
13 2 100
13 3 50
13 4 50
13 5 50
13 6 50
13 7 100
13 8 50
13 9 100
13 10 100
13 11 100
13 12 100
