0 1 200
0 2 200
0 3 350
0 4 200
0 5 250
0 6 250
0 7 250
0 8 200
0 9 200
0 10 200
0 11 200
0 12 100
0 13 150
1 0 200
1 2 200
1 3 350
1 4 250
1 5 300
1 6 300
1 7 300
1 8 200
1 9 200
1 10 200
1 11 250
1 12 150
1 13 200
2 0 200
2 1 250
2 3 250
2 4 200
2 5 200
2 6 250
2 7 200
2 8 250
2 9 200
2 10 250
2 11 200
2 12 200
2 13 200
3 0 350
3 1 250
3 2 300
3 4 350
3 5 250
3 6 350
3 7 300
3 8 300
3 9 300
3 10 300
3 11 250
3 12 200
3 13 200
4 0 300
4 1 300
4 2 300
4 3 250
4 5 250
4 6 250
4 7 350
4 8 350
4 9 250
4 10 250
4 11 250
4 12 200
4 13 200
5 0 250
5 1 250
5 2 300
5 3 350
5 4 300
5 6 300
5 7 400
5 8 400
5 9 250
5 10 300
5 11 200
5 12 200
5 13 250
6 0 250
6 1 350
6 2 300
6 3 300
6 4 250
6 5 400
6 7 300
6 8 350
6 9 350
6 10 250
6 11 300
6 12 200
6 13 200
7 0 250
7 1 200
7 2 200
7 3 350
7 4 400
7 5 400
7 6 400
7 8 250
7 9 250
7 10 250
7 11 300
7 12 250
7 13 200
8 0 200
8 1 250
8 2 300
8 3 300
8 4 400
8 5 200
8 6 300
8 7 300
8 9 250
8 10 400
8 11 250
8 12 250
8 13 400
9 0 200
9 1 250
9 2 200
9 3 200
9 4 300
9 5 350
9 6 300
9 7 200
9 8 350
9 10 400
9 11 250
9 12 350
9 13 350
10 0 200
10 1 200
10 2 250
10 3 350
10 4 300
10 5 300
10 6 200
10 7 300
10 8 400
10 9 400
10 11 250
10 12 300
10 13 250
11 0 200
11 1 250
11 2 250
11 3 250
11 4 350
11 5 200
11 6 350
11 7 350
11 8 300
11 9 250
11 10 200
11 12 350
11 13 250
12 0 100
12 1 150
12 2 200
12 3 200
12 4 250
12 5 200
12 6 250
12 7 250
12 8 300
12 9 200
12 10 300
12 11 350
12 13 350
13 0 150
13 1 200
13 2 200
13 3 200
13 4 200
13 5 200
13 6 300
13 7 250
13 8 200
13 9 300
13 10 300
13 11 200
13 12 350
