0 1 200
0 2 200
0 3 250
0 4 200
0 5 250
0 6 250
0 7 250
0 8 200
0 9 200
0 10 200
0 11 200
0 12 100
0 13 150
1 0 200
1 2 300
1 3 200
1 4 250
1 5 300
1 6 200
1 7 250
1 8 250
1 9 200
1 10 200
1 11 200
1 12 150
1 13 200
2 0 250
2 1 200
2 3 200
2 4 200
2 5 300
2 6 200
2 7 200
2 8 300
2 9 200
2 10 200
2 11 250
2 12 200
2 13 200
3 0 200
3 1 250
3 2 200
3 4 300
3 5 300
3 6 250
3 7 200
3 8 250
3 9 250
3 10 200
3 11 250
3 12 200
3 13 250
4 0 250
4 1 250
4 2 300
4 3 200
4 5 200
4 6 200
4 7 300
4 8 300
4 9 250
4 10 250
4 11 200
4 12 200
4 13 200
5 0 250
5 1 300
5 2 250
5 3 300
5 4 200
5 6 300
5 7 300
5 8 200
5 9 300
5 10 200
5 11 200
5 12 200
5 13 250
6 0 200
6 1 250
6 2 300
6 3 250
6 4 300
6 5 250
6 7 250
6 8 300
6 9 300
6 10 200
6 11 300
6 12 250
6 13 200
7 0 200
7 1 300
7 2 250
7 3 250
7 4 300
7 5 300
7 6 250
7 8 250
7 9 300
7 10 250
7 11 200
7 12 250
7 13 300
8 0 200
8 1 250
8 2 300
8 3 200
8 4 250
8 5 200
8 6 200
8 7 250
8 9 200
8 10 200
8 11 250
8 12 300
8 13 300
9 0 200
9 1 200
9 2 200
9 3 300
9 4 250
9 5 250
9 6 200
9 7 250
9 8 250
9 10 300
9 11 250
9 12 300
9 13 300
10 0 200
10 1 250
10 2 250
10 3 200
10 4 300
10 5 200
10 6 200
10 7 300
10 8 250
10 9 250
10 11 200
10 12 200
10 13 250
11 0 200
11 1 250
11 2 200
11 3 250
11 4 300
11 5 200
11 6 250
11 7 250
11 8 200
11 9 300
11 10 200
11 12 250
11 13 300
12 0 100
12 1 150
12 2 200
12 3 200
12 4 250
12 5 200
12 6 250
12 7 200
12 8 250
12 9 250
12 10 250
12 11 200
12 13 250
13 0 150
13 1 200
13 2 200
13 3 250
13 4 300
13 5 200
13 6 200
13 7 250
13 8 200
13 9 250
13 10 300
13 11 200
13 12 250
