0 1 100
0 2 100
0 3 250
0 4 100
0 5 200
0 6 250
0 7 250
0 8 100
0 9 100
0 10 100
0 11 150
0 12 100
0 13 100
1 0 100
1 2 300
1 3 100
1 4 250
1 5 150
1 6 200
1 7 200
1 8 150
1 9 100
1 10 150
1 11 200
1 12 100
1 13 150
2 0 100
2 1 150
2 3 150
2 4 100
2 5 100
2 6 300
2 7 150
2 8 100
2 9 250
2 10 150
2 11 200
2 12 100
2 13 150
3 0 150
3 1 300
3 2 250
3 4 150
3 5 200
3 6 250
3 7 150
3 8 250
3 9 200
3 10 200
3 11 200
3 12 150
3 13 150
4 0 100
4 1 150
4 2 200
4 3 200
4 5 150
4 6 150
4 7 150
4 8 250
4 9 250
4 10 300
4 11 150
4 12 150
4 13 150
5 0 150
5 1 150
5 2 200
5 3 150
5 4 200
5 6 250
5 7 200
5 8 200
5 9 300
5 10 300
5 11 150
5 12 200
5 13 100
6 0 100
6 1 300
6 2 250
6 3 200
6 4 300
6 5 250
6 7 200
6 8 200
6 9 150
6 10 300
6 11 200
6 12 250
6 13 250
7 0 150
7 1 200
7 2 100
7 3 150
7 4 250
7 5 100
7 6 100
7 8 250
7 9 300
7 10 300
7 11 300
7 12 150
7 13 150
8 0 100
8 1 200
8 2 200
8 3 100
8 4 250
8 5 250
8 6 200
8 7 300
8 9 100
8 10 200
8 11 200
8 12 150
8 13 300
9 0 100
9 1 150
9 2 200
9 3 200
9 4 100
9 5 100
9 6 200
9 7 250
9 8 200
9 10 100
9 11 250
9 12 300
9 13 150
10 0 150
10 1 250
10 2 100
10 3 100
10 4 250
10 5 250
10 6 200
10 7 200
10 8 100
10 9 200
10 11 300
10 12 300
10 13 150
11 0 150
11 1 150
11 2 200
11 3 250
11 4 200
11 5 150
11 6 250
11 7 100
11 8 250
11 9 250
11 10 200
11 12 150
11 13 100
12 0 100
12 1 100
12 2 150
12 3 200
12 4 100
12 5 250
12 6 250
12 7 250
12 8 150
12 9 250
12 10 250
12 11 300
12 13 200
13 0 100
13 1 150
13 2 200
13 3 250
13 4 250
13 5 200
13 6 150
13 7 150
13 8 300
13 9 150
13 10 150
13 11 100
13 12 250
