0 1 50
0 2 50
0 3 200
0 4 50
0 5 150
0 6 200
0 7 200
0 8 100
0 9 50
0 10 50
0 11 200
0 12 100
0 13 50
1 0 50
1 2 50
1 3 200
1 4 100
1 5 150
1 6 150
1 7 100
1 8 50
1 9 100
1 10 150
1 11 100
1 12 100
1 13 50
2 0 100
2 1 100
2 3 50
2 4 50
2 5 100
2 6 50
2 7 200
2 8 100
2 9 150
2 10 100
2 11 150
2 12 100
2 13 200
3 0 100
3 1 150
3 2 200
3 4 100
3 5 200
3 6 150
3 7 150
3 8 150
3 9 150
3 10 100
3 11 50
3 12 100
3 13 150
4 0 150
4 1 100
4 2 100
4 3 100
4 5 200
4 6 200
4 7 100
4 8 100
4 9 100
4 10 100
4 11 100
4 12 150
4 13 100
5 0 150
5 1 200
5 2 150
5 3 150
5 4 100
5 6 150
5 7 50
5 8 50
5 9 200
5 10 150
5 11 200
5 12 150
5 13 150
6 0 100
6 1 150
6 2 200
6 3 200
6 4 100
6 5 150
6 7 50
6 8 100
6 9 200
6 10 50
6 11 50
6 12 200
6 13 100
7 0 100
7 1 100
7 2 150
7 3 150
7 4 50
7 5 200
7 6 200
7 8 150
7 9 50
7 10 150
7 11 150
7 12 100
7 13 100
8 0 100
8 1 150
8 2 150
8 3 50
8 4 50
8 5 150
8 6 200
8 7 150
8 9 50
8 10 200
8 11 100
8 12 200
8 13 200
9 0 50
9 1 50
9 2 200
9 3 200
9 4 150
9 5 150
9 6 50
9 7 150
9 8 100
9 10 150
9 11 100
9 12 150
9 13 200
10 0 150
10 1 100
10 2 200
10 3 50
10 4 200
10 5 200
10 6 150
10 7 100
10 8 50
10 9 200
10 11 100
10 12 200
10 13 50
11 0 200
11 1 200
11 2 200
11 3 100
11 4 200
11 5 200
11 6 150
11 7 50
11 8 150
11 9 200
11 10 200
11 12 150
11 13 100
12 0 50
12 1 150
12 2 100
12 3 100
12 4 50
12 5 200
12 6 50
12 7 150
12 8 150
12 9 50
12 10 200
12 11 200
12 13 150
13 0 150
13 1 150
13 2 50
13 3 150
13 4 150
13 5 50
13 6 100
13 7 50
13 8 100
13 9 200
13 10 100
13 11 200
13 12 200
