0 1 100
0 2 100
0 3 150
0 4 100
0 5 150
0 6 150
0 7 150
0 8 100
0 9 100
0 10 100
0 11 150
0 12 100
0 13 100
1 0 100
1 2 200
1 3 100
1 4 150
1 5 200
1 6 100
1 7 150
1 8 150
1 9 200
1 10 100
1 11 200
1 12 100
1 13 100
2 0 200
2 1 150
2 3 200
2 4 200
2 5 200
2 6 100
2 7 150
2 8 100
2 9 100
2 10 100
2 11 200
2 12 100
2 13 100
3 0 200
3 1 100
3 2 100
3 4 150
3 5 200
3 6 200
3 7 100
3 8 200
3 9 150
3 10 100
3 11 150
3 12 100
3 13 200
4 0 200
4 1 150
4 2 100
4 3 150
4 5 150
4 6 100
4 7 150
4 8 150
4 9 150
4 10 150
4 11 150
4 12 200
4 13 100
5 0 100
5 1 100
5 2 200
5 3 200
5 4 150
5 6 150
5 7 100
5 8 100
5 9 100
5 10 150
5 11 200
5 12 150
5 13 200
6 0 100
6 1 200
6 2 200
6 3 100
6 4 200
6 5 100
6 7 100
6 8 100
6 9 150
6 10 100
6 11 150
6 12 200
6 13 150
7 0 200
7 1 150
7 2 150
7 3 200
7 4 200
7 5 100
7 6 200
7 8 200
7 9 150
7 10 100
7 11 200
7 12 100
7 13 200
8 0 150
8 1 150
8 2 200
8 3 200
8 4 150
8 5 150
8 6 200
8 7 150
8 9 100
8 10 200
8 11 150
8 12 200
8 13 150
9 0 150
9 1 200
9 2 100
9 3 150
9 4 100
9 5 100
9 6 150
9 7 100
9 8 100
9 10 150
9 11 200
9 12 200
9 13 200
10 0 100
10 1 100
10 2 100
10 3 200
10 4 150
10 5 150
10 6 100
10 7 150
10 8 150
10 9 200
10 11 150
10 12 200
10 13 200
11 0 100
11 1 150
11 2 150
11 3 100
11 4 200
11 5 100
11 6 100
11 7 200
11 8 150
11 9 150
11 10 100
11 12 100
11 13 150
12 0 100
12 1 100
12 2 100
12 3 150
12 4 200
12 5 100
12 6 150
12 7 150
12 8 100
12 9 200
12 10 100
12 11 150
12 13 200
13 0 150
13 1 200
13 2 100
13 3 200
13 4 150
13 5 100
13 6 150
13 7 200
13 8 200
13 9 200
13 10 200
13 11 100
13 12 150
